Generated by GetData Graph Digitizer 2.22 on December 23 2020, 18:41
from file 'C:\Users\dell\Desktop\1 3.jpg'

Line #1
 0.00000000000000e+000    0.00000000000000e+000
 2.16024217103416e-002    7.70165984880800e+000
 3.43095158850249e-002    1.21943083211144e+001
 4.44766376782917e-002    1.60450568825079e+001
 5.55036760892988e-002    2.24622117633990e+001
 6.65361387010066e-002    2.98417283325964e+001
 7.84104372614527e-002    3.65797789269369e+001
 9.02901600225994e-002    4.42801912095837e+001
 1.04290745257694e-001    5.32640236200074e+001
 1.19559508616596e-001    6.22480187564521e+001
 1.33988244093660e-001    7.21942670971891e+001
 1.54364073218899e-001    8.72738704969913e+001
 1.76004464334145e-001    1.01712062163944e+002
 2.03160182721794e-001    1.19679618500777e+002
 2.20976150729714e-001    1.30588662465876e+002
 2.37941242454394e-001    1.40535236258655e+002
 2.55760826596114e-001    1.52085854682626e+002
 2.71459548263887e-001    1.62353052978819e+002
 2.83333846824333e-001    1.69091103573160e+002
 2.93510008952101e-001    1.74545788281730e+002
 3.04533431229308e-001    1.80321368703751e+002
 3.14696936888774e-001    1.83530542806273e+002
 3.21876047322752e-001    1.82248316002650e+002
 3.24818857009536e-001    1.79361610631781e+002
 3.23951708124194e-001    1.75512055394541e+002
 3.22643752528582e-001    1.68454573620940e+002
 3.18797632618453e-001    1.61075979165862e+002
 3.11127089600997e-001    1.50168237008931e+002
 3.06852819448898e-001    1.41827226623539e+002
 3.00053041450585e-001    1.35410614162718e+002
 2.92418659771133e-001    1.30918616594496e+002
 2.87311594004797e-001    1.24823008331138e+002
 2.78394569666336e-001    1.17764550201411e+002
 2.69482969528576e-001    1.11668453759991e+002
 2.62690423797863e-001    1.06534990216912e+002
 2.60972398629283e-001    1.01722964807352e+002
 2.64757044264805e-001    9.81947934616251e+001
 2.74060633306531e-001    9.88375612446501e+001
 2.85900578595873e-001    9.94806544797172e+001
 2.96470537694506e-001    9.98027977593278e+001
 3.01955127829607e-001    9.78787795288062e+001
 3.00668869036796e-001    9.46707445084307e+001
 2.96826365260468e-001    8.79337245122233e+001
 2.92980245350339e-001    8.05551300571450e+001
 2.92532206372467e-001    7.60640546030418e+001
 2.95879661431517e-001    6.99695311798244e+001
 2.95420774052244e-001    6.35537323491085e+001
 2.90734626260277e-001    5.71373910983225e+001
 2.80970341772377e-001    4.97580372551462e+001
 2.76305890783213e-001    4.71911427575855e+001
 2.74999743254500e-001    4.04544482134202e+001

p=10
 0.00000000000000e+000    0.00000000000000e+000
 1.78195841417200e-002    1.15506184239703e+001
 4.20089879728836e-002    2.82346461490128e+001
 6.27912705372895e-002    4.04272187259030e+001
 8.10426210547799e-002    5.35818275390575e+001
 1.00986683804248e-001    6.70574405496755e+001
 1.17118979914691e-001    7.92494164644886e+001
 1.31128605484286e-001    8.98371850220895e+001
 1.52349886692064e-001    1.04916896905906e+002
 1.72299373642232e-001    1.19354871604830e+002
 1.96911503514665e-001    1.36038953571880e+002
 2.19404578980051e-001    1.51760402640588e+002
 2.48263858001079e-001    1.71973686551497e+002
 2.72447837631542e-001    1.87695352588233e+002
 2.99186254178623e-001    2.06625216371366e+002
 3.18266784176551e-001    2.16892848603615e+002
 3.36500054025039e-001    2.26839585122416e+002
 3.53042419708450e-001    2.36786104673188e+002
 3.73396552030886e-001    2.48016261319764e+002
 3.96720615043608e-001    2.61171521037003e+002
 4.20456555696199e-001    2.72402111619636e+002
 4.45471522873999e-001    2.85557588304903e+002
 4.69202039325889e-001    2.95825817199229e+002
 4.86998118597906e-001    3.03206201640539e+002
 4.99284294798220e-001    3.08019583100274e+002
 5.17488635576305e-001    3.12833723948106e+002
 5.34410333695381e-001    3.15081404234435e+002
 5.42864854520767e-001    3.15082489074575e+002
 5.50470307129815e-001    3.14441890971830e+002
 5.53402268415198e-001    3.09630462224348e+002
 5.55064243509872e-001    3.04498083521408e+002
 5.55463464681438e-001    3.00327903780755e+002
 5.45693755992838e-001    2.91986188249272e+002
 5.37181377026644e-001    2.81719912067198e+002
 5.28676230328051e-001    2.72736784802865e+002
 5.20599233871428e-001    2.64716073468846e+002
 5.13367689497344e-001    2.56695470618841e+002
 5.08677925571577e-001    2.49637554909184e+002
 5.03144517630171e-001    2.42900317944948e+002
 4.94225685224810e-001    2.35521072585786e+002
 4.81910579954092e-001    2.25575095455084e+002
 4.75112610022679e-001    2.19479270223698e+002
 4.67044653900557e-001    2.13062495036856e+002
 4.55154082738009e-001    2.03437359377597e+002
 4.47084318548987e-001    1.96699796961319e+002
 4.41986293117152e-001    1.92208124845139e+002
 4.41511133135777e-001    1.82905240949504e+002
 4.56725654487673e-001    1.82265619202885e+002
 4.84645461947352e-001    1.85797858699138e+002
 5.07906242618567e-001    1.87725565386136e+002
 5.30326995407944e-001    1.90615525277426e+002
 5.53172282305491e-001    1.93826326640159e+002
 5.73898514795990e-001    1.96074495104550e+002
 5.89550226724357e-001    1.98001225435422e+002
 6.01798433519767e-001    1.96078075077013e+002
 6.06834984676995e-001    1.89662981392388e+002
 6.06791591071390e-001    1.81964087885937e+002
 6.02112675547023e-001    1.76830895552893e+002
 5.97003801713787e-001    1.70414500060100e+002
 5.95690421917474e-001    1.62394656598193e+002
 5.89723439533397e-001    1.53732642015338e+002
 5.83348195643253e-001    1.47636871025959e+002
 5.74445635839994e-001    1.43144710731716e+002
 5.69345802341259e-001    1.38332251386100e+002
 5.70164133420294e-001    1.33520551428583e+002
 5.85754371074054e-001    1.24540515958649e+002
 6.03472703469362e-001    1.18127049534235e+002
 6.21200076199171e-001    1.13317519256997e+002
 6.42309257259135e-001    1.08508422915816e+002
 6.64686616442908e-001    1.03699489300656e+002
 6.90442167823034e-001    9.82494151626804e+001
 7.11125006707928e-001    9.27986901206212e+001
 7.33081447917331e-001    8.83104894928893e+001
 7.53348793028557e-001    8.41428591265648e+001

p=4
 0.00000000000000e+000    0.00000000000000e+000
 1.01689298601670e-002    4.17153579082893e+000
 2.75440911578152e-002    1.18726532195669e+001
 4.74827297065826e-002    2.43859045418785e+001
 6.52986977145022e-002    3.52949485069779e+001
 7.67520783005791e-002    4.23537320887469e+001
 9.45680463084987e-002    5.32627760538463e+001
 1.15774862981074e-001    6.57761901021789e+001
 1.35708077329141e-001    7.73270797361842e+001
 1.55227605970439e-001    9.04818512753598e+001
 1.69233615406234e-001    1.00428045374090e+002
 1.88749527913732e-001    1.12941242454394e+002
 2.10380878694477e-001    1.25775497974170e+002
 2.32019461742823e-001    1.39892902411686e+002
 2.49418127910174e-001    1.51764253823085e+002
 2.65974958128787e-001    1.64277071209341e+002
 2.77424722581063e-001    1.70694280332239e+002
 2.88449952925170e-001    1.76790647983694e+002
 2.98631539253639e-001    1.83207694380571e+002
 3.11784864339294e-001    1.91870631077546e+002
 3.21966450667762e-001    1.98287677474423e+002
 3.29604448481014e-001    2.03421249501516e+002
 3.38078858042303e-001    2.06950993865446e+002
 3.52915855025435e-001    2.14330998612706e+002
 3.64369235611512e-001    2.21389782194475e+002
 3.78355356311405e-001    2.27807316769415e+002
 3.91076915021290e-001    2.34866263077205e+002
 4.02096721164696e-001    2.40000269040355e+002
 4.15651075488818e-001    2.44813813226111e+002
 4.28773663437170e-001    2.48023367022682e+002
 4.35969046473250e-001    2.49628225283979e+002
 4.48654443845131e-001    2.50271427003060e+002
 4.54140842047131e-001    2.48668196001974e+002
 4.56234583517575e-001    2.45139807688219e+002
 4.54101064575326e-001    2.41610876954394e+002
 4.48153970927152e-001    2.36477521895329e+002
 4.39657864563060e-001    2.29098330778173e+002
 4.34128072755455e-001    2.23002668272809e+002
 4.29440116896588e-001    2.16265539792587e+002
 4.26871215444768e-001    2.10491044210707e+002
 4.28119504832674e-001    2.06962547412938e+002
 4.36987711364829e-001    2.05359750347908e+002
 4.33137975320899e-001    1.97339581433959e+002
 4.41581647744885e-001    1.95415942897487e+002
 4.54232691845662e-001    1.89964187257294e+002
 4.72794668256608e-001    1.83230042087458e+002
 4.73573221863839e-001    1.71361023082361e+002
 4.76505183149221e-001    1.66549594334878e+002
 4.72248993666125e-001    1.61416456243841e+002
 4.76447325008415e-001    1.56284402992944e+002
 4.88679259201723e-001    1.51474167569615e+002
 4.94575726976691e-001    1.47625480204488e+002
 4.76734446032168e-001    1.32225415027292e+002
 4.80511859400089e-001    1.27414094763824e+002
 4.90637395654651e-001    1.23886737048202e+002
 5.09233725336702e-001    1.23247549237639e+002
 5.13444713147293e-001    1.20361006592791e+002
 5.13798732646355e-001    1.08171146116251e+002
 5.25987273234057e-001    9.56620171864714e+001
 5.36078456217515e-001    8.60397021115762e+001
 5.56752254767909e-001    7.89850409223398e+001
 5.84207750647613e-001    7.51391198995698e+001
 6.00260491814447e-001    7.32164577192234e+001
 6.26456849904845e-001    7.09743101176097e+001
 6.46736851484372e-001    6.90521903573333e+001
 6.96602251752053e-001    6.61715058492411e+001

p=15
 0.00000000000000e+000    0.00000000000000e+000
 1.48532695852338e-002    1.02670898121795e+001
 4.28562481223225e-002    2.85555418624622e+001
 7.12855688344810e-002    4.74856226136229e+001
 9.03769472338095e-002    5.96779782224851e+001
 1.12873638832996e-001    7.60410017500641e+001
 1.33251276025134e-001    9.14413923793018e+001
 1.51500818475724e-001    1.04275213963021e+002
 1.65933170086589e-001    1.14863036762629e+002
 1.86726301052396e-001    1.28980332716132e+002
 2.06251253894395e-001    1.43097465943613e+002
 2.29593397576120e-001    1.59460597955207e+002
 2.50388336608827e-001    1.73898681138145e+002
 2.72034151924774e-001    1.89299234493404e+002
 2.91555488632973e-001    2.02774793262015e+002
 3.19126700794291e-001    2.19459254923113e+002
 3.36106257054173e-001    2.31972126551376e+002
 3.58174798411389e-001    2.47372734148641e+002
 3.74290821919730e-001    2.56677624998535e+002
 3.91682255819480e-001    2.67265827492192e+002
 4.07796471260921e-001    2.76249931112651e+002
 4.20942564078976e-001    2.83629718891884e+002
 4.34939533180270e-001    2.91971976843436e+002
 4.53595529070027e-001    3.01918767604243e+002
 4.70558812727807e-001    3.11544554167587e+002
 4.86667603968548e-001    3.19566296099739e+002
 5.06595394115914e-001    3.30154824045438e+002
 5.23972363480462e-001    3.38176728703612e+002
 5.37958484180355e-001    3.44594263278552e+002
 5.55756371519272e-001    3.52295434949297e+002
 5.74824245048898e-001    3.60317556575498e+002
 5.96003940717970e-001    3.68019162182299e+002
 6.05742912269267e-001    3.70907494813379e+002
 6.14208281496055e-001    3.72833303030132e+002
 6.20977322357065e-001    3.73796532590551e+002
 6.27318212976106e-001    3.73797346220656e+002
 6.29834680487819e-001    3.70269012148908e+002
 6.29381217309246e-001    3.64815575006498e+002
 6.22155097135863e-001    3.57757333844799e+002
 6.13664414972472e-001    3.51340504415950e+002
 6.02621103959363e-001    3.42036264470140e+002
 5.95815901760348e-001    3.34657290321013e+002
 5.93669726349798e-001    3.28882848981140e+002
 5.91100824897978e-001    3.23108353399260e+002
 5.80902965967408e-001    3.13804221937464e+002
 5.69010586737959e-001    3.03858299048769e+002
 5.60512672306968e-001    2.96158320702178e+002
 5.57098318772609e-001    2.90383716636284e+002
 5.56220321485867e-001    2.84609438022432e+002
 5.59143242436748e-001    2.78194073127772e+002
 5.67165996886364e-001    2.76591167578728e+002
 5.79435900484576e-001    2.78517463973544e+002
 5.90022132185312e-001    2.81726692318073e+002
 6.02301076118025e-001    2.85256924860066e+002
 6.19222774237101e-001    2.87504605146395e+002
 6.35727170515607e-001    2.90714592879023e+002
 6.51366225975673e-001    2.90395812603846e+002
 6.51675043802229e-001    2.70186271391420e+002
 6.55873375144519e-001    2.65054218140523e+002
 6.57535350239193e-001    2.59921839437584e+002
 6.54968256854273e-001    2.54468131085140e+002
 6.53241191351192e-001    2.48052169528403e+002
 6.49825029749933e-001    2.41956778233073e+002
 6.52327032726445e-001    2.35862146325842e+002
 6.63711706770314e-001    2.30731015189064e+002
 6.70876352669090e-001    2.26882490549958e+002
 6.71248452837153e-001    2.17900502367772e+002
 6.75443168045643e-001    2.12126874658004e+002
 6.77945171022155e-001    2.06032242750773e+002
 6.76219913585974e-001    1.99937068423471e+002
 6.68565643170620e-001    1.91916411331459e+002
 6.65985893317399e-001    1.84217192372966e+002
 6.67609899007169e-001    1.72348281851883e+002
 6.65895489972389e-001    1.68177830901194e+002
 6.60380162699985e-001    1.64648466231313e+002
 6.57404807808998e-001    1.61761001472345e+002
 6.58221330821133e-001    1.56628514285392e+002
 6.67918716833725e-001    1.52138740639457e+002
 6.85635241162133e-001    1.45404486985607e+002
 6.99984421695588e-001    1.41236097231184e+002
 7.05889929805057e-001    1.38991346013234e+002
 7.15991961189916e-001    1.31293754314952e+002
 7.25255772759838e-001    1.24879203050397e+002
 7.45085927294592e-001    1.18145220606582e+002
 7.72106040664726e-001    1.12053734735757e+002
 7.95755194106107e-001    1.07886538305488e+002
 8.28281594414144e-001    1.03720480957367e+002
 8.45177979596616e-001    1.01477140031599e+002
 8.70933530976742e-001    9.60270658936240e+001
 8.89520820324292e-001    9.37839419358842e+001
 9.22050836766129e-001    9.02594590466338e+001

p=20
 0.00000000000000e+000    0.00000000000000e+000
-8.47260149438899e-004   -3.20895713449458e-001
 1.57023378015729e-002    1.09087727550644e+001
 3.14100998038464e-002    2.27799071984351e+001
 4.96777229234388e-002    3.88216010765086e+001
 7.17516884813554e-002    5.51845703620806e+001
 9.04293811739156e-002    6.89808078761130e+001
 1.06988019459428e-001    8.18144124918040e+001
 1.25232137709318e-001    9.36858723872168e+001
 1.46877953025265e-001    1.09086425742475e+002
 1.66401097800364e-001    1.22882771740522e+002
 1.87622379008141e-001    1.37962483624338e+002
 2.06291031366200e-001    1.50154784991193e+002
 2.22840629317212e-001    1.61384453459707e+002
 2.38544775185685e-001    1.72614013444207e+002
 2.61036042584170e-001    1.88014675283480e+002
 2.80989145668139e-001    2.03094224441275e+002
 3.00091372468869e-001    2.17211303426750e+002
 3.21728147450315e-001    2.31007920634831e+002
 3.42096744307952e-001    2.44804375116892e+002
 3.60333630290241e-001    2.55392686094562e+002
 3.83238583395495e-001    2.69189466028665e+002
 4.10390685649344e-001    2.86515447906627e+002
 4.38807349893201e-001    3.03200018051740e+002
 4.70602206333412e-001    3.19243447674038e+002
 4.92226324846557e-001    3.30794554276071e+002
 5.15116813416609e-001    3.42025036374690e+002
 5.45218957624842e-001    3.57747461799524e+002
 5.68109446194894e-001    3.68977943898143e+002
 5.87184551992121e-001    3.78283214442086e+002
 6.06676959629916e-001    3.86626177539730e+002
 6.25320299051372e-001    3.94327457694489e+002
 6.46505418921145e-001    4.02991424989596e+002
 6.60480691219637e-001    4.07484236187924e+002
 6.76152291883906e-001    4.12939626042586e+002
 6.91822084481275e-001    4.18074228667812e+002
 7.04939248228926e-001    4.20321420776077e+002
 7.12971043013044e-001    4.20322451374210e+002
 7.19297469096882e-001    4.17756967168832e+002
 7.25202977206352e-001    4.15512215950882e+002
 7.27300334810596e-001    4.12625402095998e+002
 7.26005035683285e-001    4.07813430928445e+002
 7.20473435808779e-001    4.01396981193645e+002
 7.14081919316533e-001    3.92414125139348e+002
 7.07264060649218e-001    3.82789640384172e+002
 6.95807063929340e-001    3.75089282343532e+002
 6.84769177116932e-001    3.66747404086029e+002
 6.72027729671145e-001    3.56159798254449e+002
 6.71964447329637e-001    3.44932245224208e+002
 6.65596435707094e-001    3.40119623152571e+002
 6.63439411895142e-001    3.32420458436086e+002
 6.68490427587571e-001    3.28571662586945e+002
 6.70136130080144e-001    3.20552198819086e+002
 6.66725392679586e-001    3.15419169212063e+002
 6.63739189387197e-001    3.10606981076483e+002
 6.63264029405821e-001    3.01304097180848e+002
 6.66201414891904e-001    2.97455030121671e+002
 6.66571706993068e-001    2.88152254710050e+002
 6.83059830669472e-001    2.88475157377759e+002
 6.96601528525293e-001    2.91043190957467e+002
 7.10977830062251e-001    2.91686609644576e+002
 7.26185119146546e-001    2.89763838980216e+002
 7.37156107483647e-001    2.86236589748608e+002
 7.40919056316366e-001    2.78858971649656e+002
 7.47243674333304e-001    2.75972700214842e+002
 7.56088375995757e-001    2.70199669167151e+002
 7.59443063322408e-001    2.65388294661675e+002
 7.59412326185105e-001    2.59934911761273e+002
 7.61894440425714e-001    2.50311620330251e+002
 7.69051854056890e-001    2.45179946773403e+002
 7.69423954224953e-001    2.36197958591218e+002
 7.62607903624538e-001    2.26894261065478e+002
 7.53262729044107e-001    2.18873387005438e+002
 7.40953047974090e-001    2.09889771563042e+002
 7.35435912634786e-001    2.06039619663726e+002
 7.34987873656914e-001    2.01548544209622e+002
 7.40033465148643e-001    1.96737386672175e+002
 7.48898055546997e-001    1.94493015148274e+002
 7.62414440466215e-001    1.92570027515885e+002
 7.75515331611764e-001    1.91930134559232e+002
 7.80989073345463e-001    1.88081392952097e+002
 7.82228322398868e-001    1.82948960007151e+002
 7.84305791267210e-001    1.76533486628477e+002
 7.93150492929663e-001    1.70760455580787e+002
 8.02006042993517e-001    1.66912147909708e+002
 8.30297950621259e-001    1.61462399223775e+002
 8.64927132734241e-001    1.55371889709076e+002
 9.05051753383725e-001    1.49282085340468e+002
 9.29127249000175e-001    1.45756517611078e+002
 9.72210951938544e-001    1.39667092936519e+002

p=30
 0.00000000000000e+000    0.00000000000000e+000
 2.86560523014450e-002    2.16567993223655e+001
 4.39465124631498e-002    3.44902412120355e+001
 6.64477242295863e-002    5.16552328132031e+001
 8.95839290913769e-002    6.89806993920990e+001
 1.11873777837179e-001    8.61456638722631e+001
 1.34361429101864e-001    1.00904751252665e+002
 1.60674407507325e-001    1.19353379949637e+002
 1.76581780095382e-001    1.29139424522681e+002
 1.92708652005124e-001    1.40369038749188e+002
 2.06932352695705e-001    1.51438015271946e+002
 2.21147917085234e-001    1.61063449262244e+002
 2.38757042239770e-001    1.72774434179928e+002
 2.55736598499652e-001    1.85287305808191e+002
 2.80140077451800e-001    2.02452541498390e+002
 2.98814154010560e-001    2.15607204553551e+002
 3.18962347513062e-001    2.27799695767431e+002
 3.41031792903728e-001    2.43360696979415e+002
 3.62877218805458e-001    2.56676160464346e+002
 3.91509766237200e-001    2.74162725804051e+002
 4.16325122829217e-001    2.89403292359644e+002
 4.33293830687698e-001    2.99991440611294e+002
 4.49836196371108e-001    3.09937960162066e+002
 4.72526170321927e-001    3.23093138516295e+002
 5.01791902782123e-001    3.40419391604292e+002
 5.24059150691672e-001    3.53574515716513e+002
 5.48018206799749e-001    3.66890250411480e+002
 5.71129098724937e-001    3.79724695778280e+002
 5.93390018400335e-001    3.91757064587477e+002
 6.09291966787691e-001    4.00580747472214e+002
 6.27518908402029e-001    4.09404728687990e+002
 6.48077171477499e-001    4.19351763537829e+002
 6.66727743166556e-001    4.28336192610329e+002
 6.83681986489835e-001    4.36358043026496e+002
 6.99578510676490e-001    4.44219364222927e+002
 7.14412795559272e-001    4.51118188126034e+002
 7.28607567179449e-001    4.57054568977825e+002
 7.44923201273573e-001    4.64274369957392e+002
 7.59742117587703e-001    4.68446502410298e+002
 7.74572786336684e-001    4.74703751854534e+002
 7.88545346534825e-001    4.78715382208708e+002
 8.02095180691697e-001    4.82726958320876e+002
 8.11620981155459e-001    4.85294476601517e+002
 8.17131788260612e-001    4.88021873197809e+002
 8.23899925088172e-001    4.88824709143510e+002
 8.29801817063841e-001    4.85938383466689e+002
 8.35067811910706e-001    4.82731189197422e+002
 8.38216560417423e-001    4.78882149259250e+002
 8.40091706599632e-001    4.74070584906749e+002
 8.38998730158455e-001    4.67654704713023e+002
 8.34723555972906e-001    4.59153300712914e+002
 8.29594793403767e-001    4.49208245696331e+002
 8.22985585656735e-001    4.39102607218006e+002
 8.13613290072801e-001    4.26269924716434e+002
 8.04885931952173e-001    4.15362046954485e+002
 7.97443024557454e-001    4.07341416983476e+002
 7.93782050697907e-001    3.95311434822587e+002
 7.89485179709555e-001    3.82960584069253e+002
 7.80313398744855e-001    3.68203205312072e+002
 7.75608266250435e-001    3.58418598152213e+002
 7.72797264640677e-001    3.47190692548927e+002
 7.71273425857179e-001    3.39331215580734e+002
 7.70575150420318e-001    3.27943187572766e+002
 7.63134955125949e-001    3.20403738445910e+002
 7.56971978289890e-001    3.14468388192253e+002
 7.59463132865001e-001    3.06449032908409e+002
 7.63217945396669e-001    2.97627872276997e+002
 7.75224956067590e-001    2.90411705511899e+002
 7.86395554990474e-001    2.84799366409965e+002
 7.96293455622300e-001    2.78384896508420e+002
 8.12508742003463e-001    2.67801006254320e+002
 8.31068006314059e-001    2.60585680240331e+002
 8.49433988273023e-001    2.56578199399693e+002
 8.68012237286071e-001    2.52731139294776e+002
 8.87014116373839e-001    2.49044527046583e+002
 9.12777804055017e-001    2.45037995441068e+002
 9.40439238754656e-001    2.40229739850995e+002
 9.72534776720372e-001    2.34620085728407e+002
 9.97877546427180e-001    2.30934287110320e+002
 1.02574401591330e+000    2.25003303338227e+002
 1.06017087534015e+000    2.20516702849701e+002

p=40
 0.00000000000000e+000    0.00000000000000e+000
 2.39879851784801e-002    1.84483303659339e+001
 5.28671529354111e-002    4.21902738006333e+001
 8.00391439251628e-002    6.30449152023856e+001
 1.00422205318002e-001    7.94076675199296e+001
 1.15499494392172e-001    9.19202950591607e+001
 1.30367228512608e-001    1.04753682706824e+002
 1.46073182447981e-001    1.16304029920759e+002
 1.63059970975464e-001    1.30100050466763e+002
 1.76648678570690e-001    1.41008552011793e+002
 1.89170626694792e-001    1.50152588189910e+002
 2.06572908995943e-001    1.62665514060179e+002
 2.29489614536048e-001    1.78547410985612e+002
 2.46887376669949e-001    1.90258368782293e+002
 2.73626697250480e-001    2.09348626180143e+002
 2.90599021242761e-001    2.20578348890664e+002
 3.03338660621648e-001    2.30845167492809e+002
 3.21794141892172e-001    2.42716654509225e+002
 3.41529553721356e-001    2.56673421242992e+002
 3.59565925084411e-001    2.69186428476273e+002
 3.76327790089508e-001    2.80576517680508e+002
 3.98604078333558e-001    2.95335577939906e+002
 4.19391785098665e-001    3.08490512205102e+002
 4.36362301024046e-001    3.19399447686188e+002
 4.54817782294570e-001    3.31270934702604e+002
 4.69242901637834e-001    3.40575608584470e+002
 4.87272040733288e-001    3.51805466900009e+002
 4.99997215576974e-001    3.59505987666669e+002
 5.16542293360735e-001    3.69933688061595e+002
 5.34564200188589e-001    3.79880397459391e+002
 5.52596051384393e-001    3.91591436619083e+002
 5.69130280766753e-001    4.00094413637395e+002
 5.90549364493414e-001    4.12768248421449e+002
 6.17266988271142e-001    4.28009059066074e+002
 6.30628964277082e-001    4.36190842039899e+002
 6.48018590109932e-001    4.46458257304120e+002
 6.64768702680177e-001    4.55763229517025e+002
 6.88729566855154e-001    4.69399751441427e+002
 7.09081891110690e-001    4.80309120858569e+002
 7.26468804843189e-001    4.90095355278637e+002
 7.49156066693658e-001    5.02769352788712e+002
 7.70770240838850e-001    5.12556129628850e+002
 7.90057613690162e-001    5.22021820908515e+002
 8.08072288250415e-001    5.30685381388569e+002
 8.25871983656232e-001    5.38707340288750e+002
 8.44947089453459e-001    5.48012610832693e+002
 8.64237174405121e-001    5.57959482956510e+002
 8.87120430707572e-001    5.67906816137388e+002
 9.05348276355360e-001    5.76891190967881e+002
 9.25268834235125e-001    5.86196569995839e+002
 9.40513188690874e-001    5.90849937534905e+002
 9.55974330367959e-001    5.96465693883281e+002
 9.73124568143221e-001    6.01760879970249e+002
 9.91120258001021e-001    6.07056174541232e+002
 1.00827320787663e+000    6.12832541472354e+002
 1.02308760402351e+000    6.16202705851671e+002
 1.04001020617604e+000    6.18610779752717e+002
 1.05100921955009e+000    6.20055732577359e+002
 1.06369913708922e+000    6.21500902370028e+002
 1.07214009741286e+000    6.19096082989403e+002
 1.07889015357142e+000    6.16691046640749e+002
 1.08395382573215e+000    6.15087761397656e+002
 1.08625983425668e+000    6.11719793819622e+002
 1.08601050183114e+000    6.04983234880474e+002
 1.08300350576940e+000    5.96481993606386e+002
 1.07617841483448e+000    5.85574359933469e+002
 1.06809328207681e+000    5.76110106066990e+002
 1.06043901166145e+000    5.68089448974978e+002
 1.05129796783406e+000    5.58785453118199e+002
 1.04765145850971e+000    5.49321768792794e+002
 1.04064212555766e+000    5.43225916440405e+002
 1.03320193026329e+000    5.35686467313550e+002
 1.02745444720090e+000    5.28468022384158e+002
 1.01874245764893e+000    5.20286836072410e+002
 1.01384494683632e+000    5.13870467700621e+002
 1.00429292940251e+000    5.06651534593165e+002
 9.98968172381388e-001    4.99433143905780e+002
 9.98932915076833e-001    4.93177792931789e+002
 9.95925014981642e-001    4.84516158042983e+002
 9.89538018656647e-001    4.76335270062274e+002
 9.85280021106650e-001    4.70881344741802e+002
 9.78489283442837e-001    4.66068668428158e+002
 9.75723483505584e-001    4.62860443560758e+002
 9.73995513969053e-001    4.56284088389303e+002
 9.71426612517233e-001    4.50509592807423e+002
 9.65892300542377e-001    4.43611962228470e+002
 9.61409379469993e-001    4.35752105566228e+002
 9.55032327512949e-001    4.29335547347414e+002
 9.47591228185130e-001    4.21635704605841e+002
 9.41646846637306e-001    4.16983530390929e+002
 9.34641129819059e-001    4.11529252497411e+002
 9.30389460503212e-001    4.07198082479962e+002
 9.26761935881319e-001    4.01102664063629e+002
 9.23560753434495e-001    3.95648874348174e+002
 9.19934132846052e-001    3.89713849546559e+002
 9.16499890575791e-001    3.80410585956875e+002
 9.15606524720397e-001    3.71909615892821e+002
 9.17679473421489e-001    3.64692174440559e+002
 9.22072895182312e-001    3.56673063245746e+002
 9.32160462031969e-001    3.46409173711980e+002
 9.38877972986323e-001    3.38229967233488e+002
 9.44119558930035e-001    3.30692145366843e+002
 9.43647111049010e-001    3.21870442315361e+002
 9.38730615533956e-001    3.12085808034500e+002
 9.31294940406838e-001    3.05348326981233e+002
 9.21522519617888e-001    2.96525430605597e+002
 9.06877900952938e-001    2.85777187070268e+002
 8.96047761027364e-001    2.76793761474897e+002
 8.85217621101790e-001    2.67810335879525e+002
 8.79471946106299e-001    2.60912678179569e+002
 8.74995353268066e-001    2.54175576820351e+002
 8.74969136298013e-001    2.49524161993537e+002
 9.01563811526528e-001    2.42951441036552e+002
 9.30902589889492e-001    2.35737498193741e+002
 9.64685415886486e-001    2.29486486580311e+002
 9.93406377789648e-001    2.25159547439408e+002
 1.01980234646583e+000    2.20832309967468e+002
 1.04366105486094e+000    2.16344353428767e+002
 1.07427976378257e+000    2.11215690303308e+002

p=60
 0.00000000000000e+000    0.00000000000000e+000
 1.08247157248735e-002    8.02106390706478e+000
 2.78115042523564e-002    2.18170844530692e+001
 3.94916164277198e-002    3.16025866060429e+001
 5.58316594249971e-002    4.31530151829887e+001
 7.04798942237470e-002    5.45428331771887e+001
 8.06777531543174e-002    6.38469646389847e+001
 9.91449868596930e-002    7.78035686467314e+001
 1.11679591452096e-001    8.91931154308963e+001
 1.23779717568379e-001    9.84974909817239e+001
 1.37793863305224e-001    1.09887227612913e+002
 1.47769510813759e-001    1.17266608577093e+002
 1.60295979105111e-001    1.27212612828799e+002
 1.73461960659068e-001    1.38121060131821e+002
 1.84077121430207e-001    1.46462884147318e+002
 1.94474590946561e-001    1.53681925738787e+002
 2.07208806124747e-001    1.62986382652625e+002
 2.20787569352022e-001    1.72130554435759e+002
 2.39244858689447e-001    1.84322828681611e+002
 2.52826334017072e-001    1.93948181308899e+002
 2.67471856715471e-001    2.04856818458946e+002
 2.78718394448164e-001    2.12717542993300e+002
 2.93783931087483e-001    2.23145053541200e+002
 3.05880441069965e-001    2.31807854633157e+002
 3.19461012364140e-001    2.41272813645727e+002
 3.31764365200006e-001    2.49133673785098e+002
 3.43653128295654e-001    2.58438022214922e+002
 3.58929123922157e-001    2.68705166269109e+002
 3.68476621188721e-001    2.75122131302975e+002
 3.79086357759160e-001    2.82501593630166e+002
 3.89904745249883e-001    2.89399902234207e+002
 4.05607987084906e-001    3.00469068603989e+002
 4.20665387423173e-001    3.09453036619430e+002
 4.37851786536440e-001    3.21163967295107e+002
 4.57999980038941e-001    3.33356458508987e+002
 4.75392317972142e-001    3.44105054617362e+002
 4.97666798149292e-001    3.58543327647325e+002
 5.22055812566239e-001    3.73142265502040e+002
 5.41989026914305e-001    3.84693155136045e+002
 5.62550906123576e-001    3.95281764444755e+002
 5.82479600304392e-001    4.06030686005172e+002
 6.05377321142044e-001    4.18544317021532e+002
 6.25943720518565e-001    4.29934894403830e+002
 6.46081065619666e-001    4.40202662241097e+002
 6.58591261308916e-001    4.47261581427884e+002
 6.74278230541837e-001    4.55443662732747e+002
 6.92507884256525e-001    4.64748824792676e+002
 7.06923059231838e-001    4.72289168912647e+002
 7.27274479453923e-001    4.83038144715071e+002
 7.47614147241157e-001    4.91702003526164e+002
 7.69227417352900e-001    5.01328386751585e+002
 7.85122133472656e-001    5.08868920718581e+002
 8.01012329425161e-001    5.15607486611988e+002
 8.19019771717813e-001    5.22987898174301e+002
 8.37232248796948e-001    5.29245581554593e+002
 8.52057493345229e-001    5.34540469310523e+002
 8.69405533639374e-001    5.37429778297730e+002
 8.85481779675911e-001    5.39677350100044e+002
 9.07472574156417e-001    5.41284106831586e+002
 9.08496844055387e-001    5.35510072306765e+002
 9.04040139953057e-001    5.32301630471337e+002
 8.99578915683476e-001    5.28291220562320e+002
 8.95541321488615e-001    5.24441258510028e+002
 9.07590821731691e-001    5.24763591636664e+002
 9.05872796563111e-001    5.19951566227104e+002
 8.99488512338466e-001    5.12251859090548e+002
 8.88222085869870e-001    5.00862475032404e+002
 8.77159790154309e-001    4.88189969177522e+002
 8.66755088370355e-001    4.79687778668311e+002
 8.55506742570762e-001    4.71506266904522e+002
 8.45102944820257e-001    4.63164470010028e+002
 8.38298646654693e-001    4.55945889475619e+002
 8.30225266331871e-001    4.48566752600470e+002
 8.22987393723636e-001    4.39423394447441e+002
 8.15530925827165e-001    4.28996860255666e+002
 8.06380841665267e-001    4.18088928251711e+002
 7.98720243015763e-001    4.08945515856674e+002
 7.95931842242257e-001    4.01727450621331e+002
 7.91223997647488e-001    3.91461662617320e+002
 7.87363413202157e-001    3.81516770326758e+002
 7.84156806554633e-001    3.75100618922997e+002
 7.80318822945555e-001    3.69165567000378e+002
 7.76254107747191e-001    3.60503796506554e+002
 7.73028516397214e-001    3.50719379193721e+002
 7.71286986358931e-001    3.41737119801500e+002
 7.70361075299333e-001    3.27461979607609e+002
 7.64413981651158e-001    3.22328624548544e+002
 7.59738682260593e-001    3.17837006674371e+002
 7.57389280130458e-001    3.13506080745953e+002
 7.57781269034424e-001    3.08052752087558e+002
 7.60484690663620e-001    3.00193817539435e+002
 7.70161283906859e-001    2.92014990754992e+002
 7.77961826934440e-001    2.88487334708332e+002
 7.87452370093648e-001    2.84799502014982e+002
 7.94610687758273e-001    2.79828222072852e+002
 8.06194972387926e-001    2.72612001065747e+002
 8.20316517298644e-001    2.65556499125402e+002
 8.33605266595125e-001    2.60746399307091e+002
 8.47743988141396e-001    2.56738376046383e+002
 8.64633141056267e-001    2.53211886202873e+002
 8.90394116637094e-001    2.48724173753204e+002
 9.17212811354544e-001    2.44396990523270e+002
 9.41704704778113e-001    2.39748721732863e+002
 9.55432452717966e-001    2.37825761221478e+002
 9.75070228934538e-001    2.34460017565732e+002
 9.94494834063575e-001    2.30773459559546e+002
 1.02067401551842e+000    2.25483833278296e+002
 1.03904813377844e+000    2.22919894970117e+002
 1.06100999918854e+000    2.19394056030691e+002
