 0.00000000000000e+000    0.00000000000000e+000
 1.78195841417200e-002    1.15506184239703e+001
 4.20089879728836e-002    2.82346461490128e+001
 6.27912705372895e-002    4.04272187259030e+001
 8.10426210547799e-002    5.35818275390575e+001
 1.00986683804248e-001    6.70574405496755e+001
 1.17118979914691e-001    7.92494164644886e+001
 1.31128605484286e-001    8.98371850220895e+001
 1.52349886692064e-001    1.04916896905906e+002
 1.72299373642232e-001    1.19354871604830e+002
 1.96911503514665e-001    1.36038953571880e+002
 2.19404578980051e-001    1.51760402640588e+002
 2.48263858001079e-001    1.71973686551497e+002
 2.72447837631542e-001    1.87695352588233e+002
 2.99186254178623e-001    2.06625216371366e+002
 3.18266784176551e-001    2.16892848603615e+002
 3.36500054025039e-001    2.26839585122416e+002
 3.53042419708450e-001    2.36786104673188e+002
 3.73396552030886e-001    2.48016261319764e+002
 3.96720615043608e-001    2.61171521037003e+002
 4.20456555696199e-001    2.72402111619636e+002
 4.45471522873999e-001    2.85557588304903e+002
 4.69202039325889e-001    2.95825817199229e+002
 4.86998118597906e-001    3.03206201640539e+002
 4.99284294798220e-001    3.08019583100274e+002
 5.17488635576305e-001    3.12833723948106e+002
 5.34410333695381e-001    3.15081404234435e+002
 5.42864854520767e-001    3.15082489074575e+002
 5.50470307129815e-001    3.14441890971830e+002
 5.53402268415198e-001    3.09630462224348e+002
 5.55064243509872e-001    3.04498083521408e+002
 5.55463464681438e-001    3.00327903780755e+002
 5.45693755992838e-001    2.91986188249272e+002
 5.37181377026644e-001    2.81719912067198e+002
 5.28676230328051e-001    2.72736784802865e+002
 5.20599233871428e-001    2.64716073468846e+002
 5.13367689497344e-001    2.56695470618841e+002
 5.08677925571577e-001    2.49637554909184e+002
 5.03144517630171e-001    2.42900317944948e+002
 4.94225685224810e-001    2.35521072585786e+002
 4.81910579954092e-001    2.25575095455084e+002
 4.75112610022679e-001    2.19479270223698e+002
 4.67044653900557e-001    2.13062495036856e+002
 4.55154082738009e-001    2.03437359377597e+002
 4.47084318548987e-001    1.96699796961319e+002
 4.41986293117152e-001    1.92208124845139e+002
 4.41511133135777e-001    1.82905240949504e+002
 4.56725654487673e-001    1.82265619202885e+002
 4.84645461947352e-001    1.85797858699138e+002
 5.07906242618567e-001    1.87725565386136e+002
 5.30326995407944e-001    1.90615525277426e+002
 5.53172282305491e-001    1.93826326640159e+002
 5.73898514795990e-001    1.96074495104550e+002
 5.89550226724357e-001    1.98001225435422e+002
 6.01798433519767e-001    1.96078075077013e+002
 6.06834984676995e-001    1.89662981392388e+002
 6.06791591071390e-001    1.81964087885937e+002
 6.02112675547023e-001    1.76830895552893e+002
 5.97003801713787e-001    1.70414500060100e+002
 5.95690421917474e-001    1.62394656598193e+002
 5.89723439533397e-001    1.53732642015338e+002
 5.83348195643253e-001    1.47636871025959e+002
 5.74445635839994e-001    1.43144710731716e+002
 5.69345802341259e-001    1.38332251386100e+002
 5.70164133420294e-001    1.33520551428583e+002
 5.85754371074054e-001    1.24540515958649e+002
 6.03472703469362e-001    1.18127049534235e+002
 6.21200076199171e-001    1.13317519256997e+002
 6.42309257259135e-001    1.08508422915816e+002
 6.64686616442908e-001    1.03699489300656e+002
 6.90442167823034e-001    9.82494151626804e+001
 7.11125006707928e-001    9.27986901206212e+001
 7.33081447917331e-001    8.83104894928893e+001
 7.53348793028557e-001    8.41428591265648e+001