 0.00000000000000e+000    0.00000000000000e+000
 1.48532695852338e-002    1.02670898121795e+001
 4.28562481223225e-002    2.85555418624622e+001
 7.12855688344810e-002    4.74856226136229e+001
 9.03769472338095e-002    5.96779782224851e+001
 1.12873638832996e-001    7.60410017500641e+001
 1.33251276025134e-001    9.14413923793018e+001
 1.51500818475724e-001    1.04275213963021e+002
 1.65933170086589e-001    1.14863036762629e+002
 1.86726301052396e-001    1.28980332716132e+002
 2.06251253894395e-001    1.43097465943613e+002
 2.29593397576120e-001    1.59460597955207e+002
 2.50388336608827e-001    1.73898681138145e+002
 2.72034151924774e-001    1.89299234493404e+002
 2.91555488632973e-001    2.02774793262015e+002
 3.19126700794291e-001    2.19459254923113e+002
 3.36106257054173e-001    2.31972126551376e+002
 3.58174798411389e-001    2.47372734148641e+002
 3.74290821919730e-001    2.56677624998535e+002
 3.91682255819480e-001    2.67265827492192e+002
 4.07796471260921e-001    2.76249931112651e+002
 4.20942564078976e-001    2.83629718891884e+002
 4.34939533180270e-001    2.91971976843436e+002
 4.53595529070027e-001    3.01918767604243e+002
 4.70558812727807e-001    3.11544554167587e+002
 4.86667603968548e-001    3.19566296099739e+002
 5.06595394115914e-001    3.30154824045438e+002
 5.23972363480462e-001    3.38176728703612e+002
 5.37958484180355e-001    3.44594263278552e+002
 5.55756371519272e-001    3.52295434949297e+002
 5.74824245048898e-001    3.60317556575498e+002
 5.96003940717970e-001    3.68019162182299e+002
 6.05742912269267e-001    3.70907494813379e+002
 6.14208281496055e-001    3.72833303030132e+002
 6.20977322357065e-001    3.73796532590551e+002
 6.27318212976106e-001    3.73797346220656e+002
 6.29834680487819e-001    3.70269012148908e+002
 6.29381217309246e-001    3.64815575006498e+002
 6.22155097135863e-001    3.57757333844799e+002
 6.13664414972472e-001    3.51340504415950e+002
 6.02621103959363e-001    3.42036264470140e+002
 5.95815901760348e-001    3.34657290321013e+002
 5.93669726349798e-001    3.28882848981140e+002
 5.91100824897978e-001    3.23108353399260e+002
 5.80902965967408e-001    3.13804221937464e+002
 5.69010586737959e-001    3.03858299048769e+002
 5.60512672306968e-001    2.96158320702178e+002
 5.57098318772609e-001    2.90383716636284e+002
 5.56220321485867e-001    2.84609438022432e+002
 5.59143242436748e-001    2.78194073127772e+002
 5.67165996886364e-001    2.76591167578728e+002
 5.79435900484576e-001    2.78517463973544e+002
 5.90022132185312e-001    2.81726692318073e+002
 6.02301076118025e-001    2.85256924860066e+002
 6.19222774237101e-001    2.87504605146395e+002
 6.35727170515607e-001    2.90714592879023e+002
 6.51366225975673e-001    2.90395812603846e+002
 6.51675043802229e-001    2.70186271391420e+002
 6.55873375144519e-001    2.65054218140523e+002
 6.57535350239193e-001    2.59921839437584e+002
 6.54968256854273e-001    2.54468131085140e+002
 6.53241191351192e-001    2.48052169528403e+002
 6.49825029749933e-001    2.41956778233073e+002
 6.52327032726445e-001    2.35862146325842e+002
 6.63711706770314e-001    2.30731015189064e+002
 6.70876352669090e-001    2.26882490549958e+002
 6.71248452837153e-001    2.17900502367772e+002
 6.75443168045643e-001    2.12126874658004e+002
 6.77945171022155e-001    2.06032242750773e+002
 6.76219913585974e-001    1.99937068423471e+002
 6.68565643170620e-001    1.91916411331459e+002
 6.65985893317399e-001    1.84217192372966e+002
 6.67609899007169e-001    1.72348281851883e+002
 6.65895489972389e-001    1.68177830901194e+002
 6.60380162699985e-001    1.64648466231313e+002
 6.57404807808998e-001    1.61761001472345e+002
 6.58221330821133e-001    1.56628514285392e+002
 6.67918716833725e-001    1.52138740639457e+002
 6.85635241162133e-001    1.45404486985607e+002
 6.99984421695588e-001    1.41236097231184e+002
 7.05889929805057e-001    1.38991346013234e+002
 7.15991961189916e-001    1.31293754314952e+002
 7.25255772759838e-001    1.24879203050397e+002
 7.45085927294592e-001    1.18145220606582e+002
 7.72106040664726e-001    1.12053734735757e+002
 7.95755194106107e-001    1.07886538305488e+002
 8.28281594414144e-001    1.03720480957367e+002
 8.45177979596616e-001    1.01477140031599e+002
 8.70933530976742e-001    9.60270658936240e+001
 8.89520820324292e-001    9.37839419358842e+001
 9.22050836766129e-001    9.02594590466338e+001