 0.00000000000000e+000    0.00000000000000e+000
-8.47260149438899e-004   -3.20895713449458e-001
 1.57023378015729e-002    1.09087727550644e+001
 3.14100998038464e-002    2.27799071984351e+001
 4.96777229234388e-002    3.88216010765086e+001
 7.17516884813554e-002    5.51845703620806e+001
 9.04293811739156e-002    6.89808078761130e+001
 1.06988019459428e-001    8.18144124918040e+001
 1.25232137709318e-001    9.36858723872168e+001
 1.46877953025265e-001    1.09086425742475e+002
 1.66401097800364e-001    1.22882771740522e+002
 1.87622379008141e-001    1.37962483624338e+002
 2.06291031366200e-001    1.50154784991193e+002
 2.22840629317212e-001    1.61384453459707e+002
 2.38544775185685e-001    1.72614013444207e+002
 2.61036042584170e-001    1.88014675283480e+002
 2.80989145668139e-001    2.03094224441275e+002
 3.00091372468869e-001    2.17211303426750e+002
 3.21728147450315e-001    2.31007920634831e+002
 3.42096744307952e-001    2.44804375116892e+002
 3.60333630290241e-001    2.55392686094562e+002
 3.83238583395495e-001    2.69189466028665e+002
 4.10390685649344e-001    2.86515447906627e+002
 4.38807349893201e-001    3.03200018051740e+002
 4.70602206333412e-001    3.19243447674038e+002
 4.92226324846557e-001    3.30794554276071e+002
 5.15116813416609e-001    3.42025036374690e+002
 5.45218957624842e-001    3.57747461799524e+002
 5.68109446194894e-001    3.68977943898143e+002
 5.87184551992121e-001    3.78283214442086e+002
 6.06676959629916e-001    3.86626177539730e+002
 6.25320299051372e-001    3.94327457694489e+002
 6.46505418921145e-001    4.02991424989596e+002
 6.60480691219637e-001    4.07484236187924e+002
 6.76152291883906e-001    4.12939626042586e+002
 6.91822084481275e-001    4.18074228667812e+002
 7.04939248228926e-001    4.20321420776077e+002
 7.12971043013044e-001    4.20322451374210e+002
 7.19297469096882e-001    4.17756967168832e+002
 7.25202977206352e-001    4.15512215950882e+002
 7.27300334810596e-001    4.12625402095998e+002
 7.26005035683285e-001    4.07813430928445e+002
 7.20473435808779e-001    4.01396981193645e+002
 7.14081919316533e-001    3.92414125139348e+002
 7.07264060649218e-001    3.82789640384172e+002
 6.95807063929340e-001    3.75089282343532e+002
 6.84769177116932e-001    3.66747404086029e+002
 6.72027729671145e-001    3.56159798254449e+002
 6.71964447329637e-001    3.44932245224208e+002
 6.65596435707094e-001    3.40119623152571e+002
 6.63439411895142e-001    3.32420458436086e+002
 6.68490427587571e-001    3.28571662586945e+002
 6.70136130080144e-001    3.20552198819086e+002
 6.66725392679586e-001    3.15419169212063e+002
 6.63739189387197e-001    3.10606981076483e+002
 6.63264029405821e-001    3.01304097180848e+002
 6.66201414891904e-001    2.97455030121671e+002
 6.66571706993068e-001    2.88152254710050e+002
 6.83059830669472e-001    2.88475157377759e+002
 6.96601528525293e-001    2.91043190957467e+002
 7.10977830062251e-001    2.91686609644576e+002
 7.26185119146546e-001    2.89763838980216e+002
 7.37156107483647e-001    2.86236589748608e+002
 7.40919056316366e-001    2.78858971649656e+002
 7.47243674333304e-001    2.75972700214842e+002
 7.56088375995757e-001    2.70199669167151e+002
 7.59443063322408e-001    2.65388294661675e+002
 7.59412326185105e-001    2.59934911761273e+002
 7.61894440425714e-001    2.50311620330251e+002
 7.69051854056890e-001    2.45179946773403e+002
 7.69423954224953e-001    2.36197958591218e+002
 7.62607903624538e-001    2.26894261065478e+002
 7.53262729044107e-001    2.18873387005438e+002
 7.40953047974090e-001    2.09889771563042e+002
 7.35435912634786e-001    2.06039619663726e+002
 7.34987873656914e-001    2.01548544209622e+002
 7.40033465148643e-001    1.96737386672175e+002
 7.48898055546997e-001    1.94493015148274e+002
 7.62414440466215e-001    1.92570027515885e+002
 7.75515331611764e-001    1.91930134559232e+002
 7.80989073345463e-001    1.88081392952097e+002
 7.82228322398868e-001    1.82948960007151e+002
 7.84305791267210e-001    1.76533486628477e+002
 7.93150492929663e-001    1.70760455580787e+002
 8.02006042993517e-001    1.66912147909708e+002
 8.30297950621259e-001    1.61462399223775e+002
 8.64927132734241e-001    1.55371889709076e+002
 9.05051753383725e-001    1.49282085340468e+002
 9.29127249000175e-001    1.45756517611078e+002
 9.72210951938544e-001    1.39667092936519e+002