 0.00000000000000e+000    0.00000000000000e+000
 2.86560523014450e-002    2.16567993223655e+001
 4.39465124631498e-002    3.44902412120355e+001
 6.64477242295863e-002    5.16552328132031e+001
 8.95839290913769e-002    6.89806993920990e+001
 1.11873777837179e-001    8.61456638722631e+001
 1.34361429101864e-001    1.00904751252665e+002
 1.60674407507325e-001    1.19353379949637e+002
 1.76581780095382e-001    1.29139424522681e+002
 1.92708652005124e-001    1.40369038749188e+002
 2.06932352695705e-001    1.51438015271946e+002
 2.21147917085234e-001    1.61063449262244e+002
 2.38757042239770e-001    1.72774434179928e+002
 2.55736598499652e-001    1.85287305808191e+002
 2.80140077451800e-001    2.02452541498390e+002
 2.98814154010560e-001    2.15607204553551e+002
 3.18962347513062e-001    2.27799695767431e+002
 3.41031792903728e-001    2.43360696979415e+002
 3.62877218805458e-001    2.56676160464346e+002
 3.91509766237200e-001    2.74162725804051e+002
 4.16325122829217e-001    2.89403292359644e+002
 4.33293830687698e-001    2.99991440611294e+002
 4.49836196371108e-001    3.09937960162066e+002
 4.72526170321927e-001    3.23093138516295e+002
 5.01791902782123e-001    3.40419391604292e+002
 5.24059150691672e-001    3.53574515716513e+002
 5.48018206799749e-001    3.66890250411480e+002
 5.71129098724937e-001    3.79724695778280e+002
 5.93390018400335e-001    3.91757064587477e+002
 6.09291966787691e-001    4.00580747472214e+002
 6.27518908402029e-001    4.09404728687990e+002
 6.48077171477499e-001    4.19351763537829e+002
 6.66727743166556e-001    4.28336192610329e+002
 6.83681986489835e-001    4.36358043026496e+002
 6.99578510676490e-001    4.44219364222927e+002
 7.14412795559272e-001    4.51118188126034e+002
 7.28607567179449e-001    4.57054568977825e+002
 7.44923201273573e-001    4.64274369957392e+002
 7.59742117587703e-001    4.68446502410298e+002
 7.74572786336684e-001    4.74703751854534e+002
 7.88545346534825e-001    4.78715382208708e+002
 8.02095180691697e-001    4.82726958320876e+002
 8.11620981155459e-001    4.85294476601517e+002
 8.17131788260612e-001    4.88021873197809e+002
 8.23899925088172e-001    4.88824709143510e+002
 8.29801817063841e-001    4.85938383466689e+002
 8.35067811910706e-001    4.82731189197422e+002
 8.38216560417423e-001    4.78882149259250e+002
 8.40091706599632e-001    4.74070584906749e+002
 8.38998730158455e-001    4.67654704713023e+002
 8.34723555972906e-001    4.59153300712914e+002
 8.29594793403767e-001    4.49208245696331e+002
 8.22985585656735e-001    4.39102607218006e+002
 8.13613290072801e-001    4.26269924716434e+002
 8.04885931952173e-001    4.15362046954485e+002
 7.97443024557454e-001    4.07341416983476e+002
 7.93782050697907e-001    3.95311434822587e+002
 7.89485179709555e-001    3.82960584069253e+002
 7.80313398744855e-001    3.68203205312072e+002
 7.75608266250435e-001    3.58418598152213e+002
 7.72797264640677e-001    3.47190692548927e+002
 7.71273425857179e-001    3.39331215580734e+002
 7.70575150420318e-001    3.27943187572766e+002
 7.63134955125949e-001    3.20403738445910e+002
 7.56971978289890e-001    3.14468388192253e+002
 7.59463132865001e-001    3.06449032908409e+002
 7.63217945396669e-001    2.97627872276997e+002
 7.75224956067590e-001    2.90411705511899e+002
 7.86395554990474e-001    2.84799366409965e+002
 7.96293455622300e-001    2.78384896508420e+002
 8.12508742003463e-001    2.67801006254320e+002
 8.31068006314059e-001    2.60585680240331e+002
 8.49433988273023e-001    2.56578199399693e+002
 8.68012237286071e-001    2.52731139294776e+002
 8.87014116373839e-001    2.49044527046583e+002
 9.12777804055017e-001    2.45037995441068e+002
 9.40439238754656e-001    2.40229739850995e+002
 9.72534776720372e-001    2.34620085728407e+002
 9.97877546427180e-001    2.30934287110320e+002
 1.02574401591330e+000    2.25003303338227e+002
 1.06017087534015e+000    2.20516702849701e+002