 0.00000000000000e+000    0.00000000000000e+000
 1.01689298601670e-002    4.17153579082893e+000
 2.75440911578152e-002    1.18726532195669e+001
 4.74827297065826e-002    2.43859045418785e+001
 6.52986977145022e-002    3.52949485069779e+001
 7.67520783005791e-002    4.23537320887469e+001
 9.45680463084987e-002    5.32627760538463e+001
 1.15774862981074e-001    6.57761901021789e+001
 1.35708077329141e-001    7.73270797361842e+001
 1.55227605970439e-001    9.04818512753598e+001
 1.69233615406234e-001    1.00428045374090e+002
 1.88749527913732e-001    1.12941242454394e+002
 2.10380878694477e-001    1.25775497974170e+002
 2.32019461742823e-001    1.39892902411686e+002
 2.49418127910174e-001    1.51764253823085e+002
 2.65974958128787e-001    1.64277071209341e+002
 2.77424722581063e-001    1.70694280332239e+002
 2.88449952925170e-001    1.76790647983694e+002
 2.98631539253639e-001    1.83207694380571e+002
 3.11784864339294e-001    1.91870631077546e+002
 3.21966450667762e-001    1.98287677474423e+002
 3.29604448481014e-001    2.03421249501516e+002
 3.38078858042303e-001    2.06950993865446e+002
 3.52915855025435e-001    2.14330998612706e+002
 3.64369235611512e-001    2.21389782194475e+002
 3.78355356311405e-001    2.27807316769415e+002
 3.91076915021290e-001    2.34866263077205e+002
 4.02096721164696e-001    2.40000269040355e+002
 4.15651075488818e-001    2.44813813226111e+002
 4.28773663437170e-001    2.48023367022682e+002
 4.35969046473250e-001    2.49628225283979e+002
 4.48654443845131e-001    2.50271427003060e+002
 4.54140842047131e-001    2.48668196001974e+002
 4.56234583517575e-001    2.45139807688219e+002
 4.54101064575326e-001    2.41610876954394e+002
 4.48153970927152e-001    2.36477521895329e+002
 4.39657864563060e-001    2.29098330778173e+002
 4.34128072755455e-001    2.23002668272809e+002
 4.29440116896588e-001    2.16265539792587e+002
 4.26871215444768e-001    2.10491044210707e+002
 4.28119504832674e-001    2.06962547412938e+002
 4.36987711364829e-001    2.05359750347908e+002
 4.33137975320899e-001    1.97339581433959e+002
 4.41581647744885e-001    1.95415942897487e+002
 4.54232691845662e-001    1.89964187257294e+002
 4.72794668256608e-001    1.83230042087458e+002
 4.73573221863839e-001    1.71361023082361e+002
 4.76505183149221e-001    1.66549594334878e+002
 4.72248993666125e-001    1.61416456243841e+002
 4.76447325008415e-001    1.56284402992944e+002
 4.88679259201723e-001    1.51474167569615e+002
 4.94575726976691e-001    1.47625480204488e+002
 4.76734446032168e-001    1.32225415027292e+002
 4.80511859400089e-001    1.27414094763824e+002
 4.90637395654651e-001    1.23886737048202e+002
 5.09233725336702e-001    1.23247549237639e+002
 5.13444713147293e-001    1.20361006592791e+002
 5.13798732646355e-001    1.08171146116251e+002
 5.25987273234057e-001    9.56620171864714e+001
 5.36078456217515e-001    8.60397021115762e+001
 5.56752254767909e-001    7.89850409223398e+001
 5.84207750647613e-001    7.51391198995698e+001
 6.00260491814447e-001    7.32164577192234e+001
 6.26456849904845e-001    7.09743101176097e+001
 6.46736851484372e-001    6.90521903573333e+001
 6.96602251752053e-001    6.61715058492411e+001